1 9 2809 1757 1073 1894 1678 146 2860 2012 1251 
1 3 1251 2883 2478 
2 4 2883 31 972 1845 
1 5 1845 2929 1997 1710 1904 
1 6 1845 2948 1412 2949 4825 1026 
3 6 1026 4825 2949 1412 2948 1845 
2 5 1026 2259 136 4827 1687 
2 7 1687 411 1875 720 1812 2013 1757 
3 3 1026 280 2540 
3 4 2540 2568 233 3037 
2 6 555 2396 2491 3011 90 1656 
3 4 144 189 584 555 
1 3 1822 2468 68 
1 3 2549 922 2468 
2 3 68 2456 909 
2 2 189 592 
3 4 2949 1414 969 1845 
3 2 1599 3080 
3 2 3091 1805 
3 2 749 2113 
1 3 3167 629 1624 
3 4 4886 3165 2402 2113 
4 9 646 1855 2300 1581 3169 98 3179 286 3197 
1 4 286 495 1723 1405 
1 3 4831 853 66 
1 3 3170 434 3178 
1 3 3178 853 4831 
1 3 4831 3185 3178 
1 5 4864 4861 4865 241 4863 
1 4 62 200 4861 4864 
2 3 4864 3040 62 
1 2 62 4863 
1 2 62 2503 
2 3 4864 4861 1720 
1 3 4861 777 1361 
1 2 923 2986 
2 2 242 933 
1 6 3165 1039 4887 4889 890 2480 
3 3 195 1346 1748 
1 4 2934 1288 1557 2901 
1 2 60 2128 
1 3 4819 146 1994 
1 3 4819 2828 1994 
2 3 2632 578 4872 
1 3 1814 2539 48 
1 7 2539 1766 2613 1191 380 1552 1899 
3 2 2627 4873 
1 2 4873 1172 
1 4 2983 1842 4868 2485 
1 4 2983 1345 598 405 
1 6 1061 2862 884 1397 898 2847 
1 3 2238 140 2611 
1 2 2611 2238 
1 2 247 2883 
1 7 1061 2884 2520 2902 2903 2115 405 
2 6 1748 3079 4901 4903 4904 1907 
1 4 3119 859 1632 502 
1 2 3076 3067 
1 3 2230 37 3151 
1 5 2230 567 2212 2482 3151 
1 7 2439 3002 2487 1570 2984 662 1381 
1 5 1381 1559 2421 818 4865 
1 5 1363 2505 2873 404 1323 
1 6 1363 1579 709 548 1570 2487 
1 3 2943 64 2284 
1 2 2934 1273 
3 3 1273 375 2439 
1 4 1247 834 2559 106 
1 6 4864 4861 777 1361 3068 1378 
1 5 110 3081 3061 4861 4864 
1 10 4865 3031 1797 1079 1989 226 1074 3003 2988 2976 
2 3 1797 2220 414 
1 4 414 2991 1330 2421 
1 5 414 1584 1320 598 2115 
1 8 2903 117 187 2415 2824 2814 299 2160 
1 3 2415 819 1604 
1 5 2903 117 2102 1374 2580 
1 5 2988 1054 2959 1046 2115 
1 4 1584 4867 226 1842 
1 9 117 2562 2908 795 1379 2062 2940 257 1054 
1 6 117 187 2849 819 1604 1864 
1 5 1990 2837 2433 1982 117 
1 3 795 2244 2894 
1 9 1378 1129 3092 2122 4859 4860 2263 1287 3003 
1 2 110 672 
1 2 110 1711 
1 2 110 596 
1 4 110 596 1419 518 
1 4 110 3088 2147 1871 
1 5 110 3088 2147 1871 1378 
1 5 110 3088 4858 1199 3068 
1 3 4918 4915 4916 
1 5 1172 4991 132 2617 934 
3 5 1656 4993 2549 1822 144 
1 4 3071 570 1932 4992 
1 2 4992 1656 
3 6 2540 4820 2409 4994 4992 1656 
2 4 4992 3025 1692 3037 
3 7 2613 1633 2625 1142 2633 4990 4872 
1 4 4872 2632 1591 924 
1 4 924 113 2647 604 
1 9 604 1848 2546 630 2172 4987 1123 4873 2627 
1 2 1123 2627 
1 2 1123 1172 
1 5 934 1714 2636 310 4987 
1 3 2638 2629 934 
1 6 1017 2693 973 124 4978 630 
1 7 924 1295 4979 2661 4972 4973 2333 
1 2 1589 2333 
1 4 1589 2207 900 601 
1 5 900 326 1555 1986 2633 
1 28 140 918 1159 142 2640 2199 1941 2564 481 175 205 2701 2142 194 2730 2492 1729 2250 1280 2799 722 4919 1261 2841 1829 2874 4927 2457 
1 5 1729 741 4922 2367 2817 
2 3 2611 2614 2427 
1 4 2427 128 2618 2609 
1 2 595 2609 
1 4 595 860 2605 4929 
1 2 1441 4929 
1 7 1441 2608 2607 2218 4928 2606 1876 
1 4 2606 1677 461 1899 
1 5 4929 1441 1355 2601 1677 
1 2 2973 1570 
1 4 2973 2965 1484 2936 
1 3 755 1694 1907 
3 4 755 2463 1398 923 
1 2 1796 2972 
1 4 2972 488 2945 1197 
1 3 1675 1265 2120 
1 5 1265 684 953 2316 1829 
1 3 1015 2457 4927 
2 3 1015 1540 1675 
1 5 563 2518 1022 1139 2285 
1 2 2285 277 
1 2 2943 1288 
1 2 1363 2911 
1 3 1247 2931 1579 
1 2 231 2984 
1 5 231 1023 1413 4948 1769 
1 2 1516 1413 
1 2 4948 1516 
1 5 1769 3055 689 1699 2552 
4 3 2552 783 3060 
4 3 783 2379 740 
3 6 3060 83 1006 1152 3009 19 
3 2 1004 6 
3 5 1004 3064 608 694 1568 
1 3 933 2052 1430 
1 3 242 1510 3126 
1 4 3126 324 2159 2242 
1 2 2242 46 
3 3 1861 504 324 
2 3 1414 1816 2047 
1 4 2047 411 1875 720 
1 4 2156 4911 618 2396 
1 3 4911 3013 1796 
1 4 1832 768 4908 90 
1 3 1168 3096 3114 
1 4 1361 1276 1463 493 
1 3 493 1655 1287 
1 2 777 1797 
1 8 818 1330 2954 2121 1895 1222 2913 2559 
3 3 1430 3062 694 
4 4 2996 5011 4852 294 
1 3 2978 1188 1845 
1 3 1710 1997 2929 
1 2 2478 2871 
1 3 493 3029 1079 
1 7 1990 301 1864 2331 1329 2776 2764 
1 3 543 3019 5008 
1 2 1877 5011 
2 3 2230 3142 504 
1 4 2212 627 2391 46 
3 4 4901 2081 349 3059 
2 6 1346 3110 1682 3104 2080 356 
2 4 2968 1598 448 2972 
3 8 4918 4915 4916 1983 2925 2905 2457 4927 
3 4 4918 4915 2541 923 
1 3 1598 2957 89 
3 7 755 5000 5002 2190 403 3007 1796 
2 9 66 424 3166 4939 4940 4943 343 3106 1183 
1 7 343 1231 105 4936 4935 4933 3166 
1 2 1879 4935 
1 6 1879 2278 1575 4932 3156 227 
1 3 4930 2183 1879 
1 4 4930 906 1151 853 
1 5 4930 4931 1130 424 853 
1 4 66 4937 2231 1419 
1 2 3170 3159 
1 3 4937 1569 3159 
1 6 3159 2588 1724 1958 878 1405 
1 3 1405 3171 502 
1 5 4916 2941 4917 2154 89 
1 4 2968 4914 2541 4916 
1 3 15 4916 4818 
1 3 15 4914 4818 
3 5 166 4910 1134 3056 4904 
1 2 166 2156 
1 3 166 4906 1832 
1 4 166 4905 4902 356 
1 2 3059 166 
1 5 4908 3057 4900 2073 1168 
1 2 356 4900 
1 5 914 18 4898 3122 2080 
1 4 914 18 1408 1168 
1 4 2080 1408 206 2420 
1 5 3104 1228 3070 1621 3059 
1 2 1621 4905 
1 2 1796 555 
1 3 4897 1874 195 
1 4 4897 4896 3137 18 
1 6 4897 4896 873 3164 710 1624 
1 2 1682 4898 
1 3 710 2179 914 
1 3 1874 214 4898 
3 3 749 915 3167 
4 4 915 3146 395 4895 
3 3 4895 3125 94 
4 5 94 395 3133 2529 3125 
3 4 3133 3141 749 2113 
4 3 2529 2499 563 
3 3 2529 1274 3080 
1 2 2537 3080 
3 3 2537 1350 94 
4 3 2420 4894 94 
3 3 3114 2535 94 
3 3 914 2387 4894 
3 2 4879 5025 
3 4 5025 1952 346 4874 
3 5 4874 3138 307 1980 646 
3 4 4879 3147 1382 3165 
2 4 2499 3128 4891 890 
3 10 346 4875 5030 3118 457 5035 5040 835 4878 543 
1 6 5035 2459 940 5037 1090 1139 
1 2 940 4838 
1 3 5037 1596 4837 
1 3 1090 2285 1956 
1 5 3147 793 2370 3094 1090 
1 2 321 2370 
1 2 321 2518 
1 4 4887 220 278 3133 
1 5 2370 4882 4883 5029 5030 
1 6 1090 3094 191 5033 2459 5035 
1 8 4879 4880 1587 4882 845 191 5033 5037 
1 2 6 4832 
3 3 4832 1818 783 
3 4 4832 3085 1104 3126 
4 6 4832 3085 740 413 1769 4948 
1 3 4948 1516 2503 
3 3 1861 2093 646 
3 3 1581 3158 1861 
1 2 3151 502 
1 3 3119 3099 3076 
1 2 3067 200 
1 3 627 1140 3099 
1 3 694 4877 835 
1 4 1430 1190 457 5035 
1 4 1190 1185 4875 107 
3 17 107 1952 3136 4880 793 2394 1039 4887 220 3141 3133 3146 526 4893 2581 710 3164 
3 15 2996 5013 2994 3008 2987 5014 2284 1462 2439 3002 2487 1570 2984 662 1381 
1 2 1152 1462 
3 3 19 5009 3008 
3 5 5009 5008 5010 5012 2996 
4 8 2996 1442 5018 813 1744 5021 1857 2284 
3 8 5021 5014 2987 5015 813 2994 5013 1442 
1 4 5021 2953 266 1288 
1 3 1557 2919 2911 
1 19 1323 35 365 2789 2170 574 12 2752 1000 895 2036 1835 633 1771 2641 2634 1984 814 2608 
1 5 2764 2341 1333 665 1017 
1 5 548 897 558 464 1895 
1 4 548 305 1484 375 
2 8 375 2971 64 2953 5024 5023 5022 5018 
3 5 2996 2276 669 1660 4853 
1 2 5022 1710 
3 6 4994 2409 922 2468 1974 4822 
3 4 4822 4823 2259 4825 
4 10 4846 476 4844 4958 1681 4840 3035 4954 485 182 
3 5 485 4998 4835 4834 3080 
3 5 4840 4851 4968 11 1026 
3 5 4965 3014 2993 4851 4961 
1 2 4961 4965 
3 2 3014 1440 
1 3 1440 2982 1412 
1 3 1440 2247 4853 
1 2 1660 2978 
1 3 2948 4855 2247 
4 5 2247 836 4963 4960 4846 
4 2 2085 4846 
3 4 2085 4845 3030 294 
1 3 294 4850 4963 
3 4 3014 4967 476 4844 
1 2 4967 836 
1 3 4968 4969 1412 
3 3 277 4956 1681 
4 5 4846 4843 4957 1956 2285 
1 2 4837 3030 
3 3 4838 1437 3030 
1 5 1437 4995 1877 316 5008 
1 4 1805 1009 516 277 
3 4 1599 4849 4954 1009 
1 2 4851 4966 
1 3 4966 4964 2568 
1 6 3035 2304 4966 4968 1471 280 
3 2 4836 4845 
1 3 4957 4836 4837 
4 3 4837 2428 4838 
3 4 277 1956 4955 4837 
3 3 608 1089 1152 
1 2 1568 19 
1 13 2546 4980 4975 319 1810 2680 692 1249 1537 614 1530 491 108 
1 14 630 4976 2175 2681 962 2706 1946 621 2745 997 1072 2779 2160 299 
1 2 108 2752 
1 5 1537 2731 2744 932 2170 
1 5 1537 1631 2207 900 601 
1 3 601 2255 1835 
1 4 48 2484 2089 1984 
1 13 2638 236 591 2317 2700 1138 43 2107 1119 1080 51 1539 1954 
1 5 1954 2845 858 910 2894 
1 2 915 1765 
