1 15 
1 46 
1 60 
1 68 
1 89 
1 94 
1 98 
1 110 
1 142 
1 166 
1 187 
1 191 
1 227 
1 231 
1 247 
1 277 
1 280 
1 284 
1 286 
1 294 
1 343 
1 405 
1 485 
1 493 
1 555 
1 563 
1 626 
1 646 
1 692 
1 755 
1 768 
1 777 
1 818 
1 914 
1 915 
1 923 
1 924 
1 933 
1 934 
1 969 
1 1004 
1 1009 
1 1015 
1 1017 
1 1026 
1 1061 
1 1079 
1 1090 
1 1139 
1 1152 
1 1274 
1 1287 
1 1323 
1 1374 
1 1378 
1 1381 
1 1405 
1 1437 
1 1440 
1 1581 
1 1599 
1 1624 
1 1656 
1 1660 
1 1675 
1 1692 
1 1710 
1 1720 
1 1744 
1 1765 
1 1769 
1 1805 
1 1814 
1 1829 
1 1836 
1 1845 
1 1857 
1 1861 
1 1879 
1 1895 
1 1952 
1 1994 
1 2047 
1 2048 
1 2080 
1 2115 
1 2120 
1 2122 
1 2155 
1 2190 
1 2207 
1 2231 
1 2238 
1 2242 
1 2285 
1 2317 
1 2370 
1 2420 
1 2427 
1 2439 
1 2478 
1 2480 
1 2485 
1 2492 
1 2518 
1 2537 
1 2546 
1 2552 
1 2559 
1 2627 
1 2681 
1 2847 
1 2860 
1 2871 
1 2883 
1 2901 
1 2911 
1 2929 
1 2934 
1 2940 
1 2948 
1 2949 
1 2972 
1 2973 
1 2983 
1 2986 
1 2994 
1 2996 
1 3003 
1 3008 
1 3014 
1 3035 
1 3059 
1 3060 
1 3159 
1 3167 
1 3170 
1 4818 
1 4819 
1 4832 
1 4836 
1 4844 
1 4846 
1 4863 
1 4864 
1 4872 
1 4874 
1 4878 
1 4879 
1 4882 
1 4887 
1 4895 
1 4896 
1 4897 
1 4900 
1 4911 
1 4917 
1 4919 
1 4930 
1 4932 
1 5018 
1 5025 
1 5030 
1 5035 
1 5037 
