
state={
	id=1
	name="STATE_1"

	history={
		buildings = {
			infrastructure = 1

		}

	}

	provinces={
		1 3 4 5 8 9 10 14 16 20 21 24 25 27 28 29 30 32 33 34 38 39 41 42 45 47 50 52 53 54 55 56 57 59 61 63 67 70 71 72 73 74 76 77 78 79 80 81 82 84 86 87 91 93 95 101 102 103 104 109 111 114 116 118 119 121 122 123 125 126 127 130 131 134 135 137 138 141 143 145 147 148 149 150 152 153 154 156 158 159 160 161 162 165 168 170 174 176 177 178 180 181 183 184 185 186 192 196 198 199 201 202 203 204 207 208 209 212 213 216 217 222 223 224 225 229 230 235 237 238 239 240 243 244 245 246 249 250 251 253 254 255 256 259 261 263 264 267 268 269 271 272 273 275 279 282 283 285 287 288 289 291 292 293 296 297 300 302 304 308 309 311 312 313 314 315 317 318 320 322 323 329 330 333 334 339 340 341 342 344 345 347 350 351 353 354 355 357 358 359 360 361 362 363 364 366 367 368 370 371 372 373 374 376 377 381 382 384 385 386 387 388 392 393 394 396 397 399 400 406 407 410 415 419 420 421 423 425 426 427 428 430 433 435 436 437 438 439 440 442 443 444 446 449 450 451 452 453 454 456 458 459 463 465 469 470 471 473 474 477 479 483 484 486 487 489 490 492 496 499 500 501 506 507 508 509 510 511 512 513 517 520 522 523 525 527 528 529 532 533 534 537 538 539 540 541 544 545 546 547 550 552 553 554 556 561 562 564 565 566 569 571 572 573 575 577 579 580 582 583 589 593 594 597 603 605 606 607 609 611 612 613 616 617 619 622 623 624 625 628 632 634 635 636 637 641 642 644 645 649 650 651 652 655 657 658 660 663 664 666 667 668 670 671 673 674 675 676 677 678 679 680 681 682 685 686 690 691 693 695 697 698 699 700 701 702 703 704 705 706 708 712 714 715 716 717 718 719 723 724 728 729 732 733 734 735 736 738 739 742 743 744 745 746 747 748 750 751 752 753 756 757 758 759 760 762 763 764 765 766 769 770 772 775 778 779 780 781 782 784 785 786 787 788 789 790 792 796 797 798 799 800 801 802 803 806 807 808 809 811 812 815 816 817 820 821 822 823 824 827 828 829 831 833 837 840 841 842 843 844 846 848 849 850 851 854 855 856 857 861 862 864 865 866 867 868 869 870 872 875 876 877 879 880 881 882 883 886 887 888 889 891 892 893 894 899 901 902 903 904 906 908 911 912 916 920 921 925 926 927 928 929 930 931 935 936 937 939 941 942 943 944 945 946 947 948 950 952 955 956 957 959 961 963 964 968 970 975 976 977 978 979 980 981 982 986 988 989 991 993 994 996 999 1001 1003 1008 1011 1013 1014 1016 1018 1019 1024 1025 1027 1028 1030 1031 1032 1033 1034 1035 1036 1037 1041 1043 1044 1045 1047 1048 1049 1050 1051 1052 1053 1055 1057 1058 1059 1062 1063 1064 1066 1067 1068 1069 1070 1071 1075 1076 1082 1086 1087 1088 1091 1092 1096 1098 1100 1101 1103 1105 1106 1107 1109 1111 1112 1113 1114 1115 1116 1117 1121 1122 1125 1128 1131 1133 1135 1136 1137 1141 1143 1144 1146 1147 1148 1149 1150 1151 1153 1154 1155 1156 1161 1162 1163 1164 1165 1166 1167 1169 1170 1171 1176 1180 1181 1182 1186 1187 1189 1192 1193 1194 1195 1196 1198 1200 1201 1202 1206 1208 1212 1213 1214 1216 1218 1219 1220 1221 1223 1224 1225 1226 1227 1230 1232 1233 1234 1235 1236 1237 1240 1241 1242 1245 1248 1253 1254 1255 1259 1260 1262 1263 1264 1266 1268 1269 1271 1272 1275 1277 1279 1281 1282 1284 1285 1286 1289 1290 1291 1292 1293 1294 1296 1297 1298 1299 1300 1301 1302 1303 1304 1306 1307 1308 1309 1310 1311 1313 1314 1315 1316 1317 1319 1321 1322 1324 1325 1331 1332 1336 1340 1341 1344 1347 1348 1351 1352 1353 1354 1358 1360 1362 1364 1365 1366 1369 1371 1373 1375 1376 1377 1380 1384 1385 1386 1387 1389 1390 1392 1394 1395 1396 1400 1401 1403 1406 1407 1410 1415 1416 1417 1418 1420 1421 1423 1424 1426 1427 1428 1429 1434 1436 1438 1439 1443 1444 1446 1447 1448 1450 1451 1452 1453 1454 1457 1458 1459 1461 1464 1465 1467 1469 1470 1475 1477 1478 1479 1480 1483 1485 1486 1488 1489 1490 1494 1496 1497 1499 1500 1501 1504 1505 1506 1507 1508 1509 1512 1513 1514 1518 1520 1522 1523 1524 1527 1528 1533 1534 1535 1538 1541 1542 1544 1545 1547 1548 1549 1551 1553 1554 1556 1558 1560 1562 1563 1564 1565 1566 1567 1571 1572 1573 1576 1577 1580 1582 1583 1586 1588 1590 1594 1595 1600 1601 1602 1603 1607 1610 1611 1612 1613 1615 1616 1617 1618 1619 1620 1622 1623 1625 1626 1627 1628 1629 1634 1635 1638 1639 1640 1642 1643 1644 1645 1646 1647 1648 1649 1650 1651 1653 1657 1658 1659 1662 1664 1666 1667 1668 1669 1670 1671 1672 1673 1674 1676 1680 1683 1684 1686 1688 1689 1690 1691 1693 1695 1696 1697 1700 1701 1702 1703 1704 1705 1706 1707 1709 1715 1716 1717 1718 1719 1721 1722 1727 1728 1730 1732 1733 1734 1735 1736 1737 1739 1740 1742 1743 1745 1746 1749 1753 1754 1755 1756 1758 1759 1760 1761 1762 1763 1764 1767 1770 1772 1773 1774 1776 1777 1778 1779 1781 1782 1783 1785 1788 1789 1790 1791 1792 1793 1794 1795 1798 1799 1801 1803 1806 1807 1808 1809 1813 1815 1817 1819 1820 1823 1824 1825 1827 1830 1833 1834 1838 1839 1840 1841 1843 1846 1847 1850 1851 1852 1853 1854 1856 1858 1860 1862 1863 1865 1866 1867 1868 1869 1872 1873 1880 1882 1883 1884 1886 1888 1890 1891 1892 1893 1898 1900 1902 1910 1911 1912 1913 1917 1918 1919 1920 1921 1923 1924 1925 1929 1930 1931 1933 1934 1935 1936 1938 1939 1951 1953 1955 1957 1961 1962 1963 1964 1965 1967 1968 1970 1971 1972 1973 1975 1976 1979 1981 1985 1987 1988 1993 1998 1999 2000 2002 2004 2005 2007 2008 2009 2010 2011 2014 2016 2018 2019 2020 2021 2022 2023 2025 2026 2027 2029 2030 2031 2032 2033 2034 2037 2038 2039 2042 2043 2044 2045 2046 2049 2051 2053 2054 2055 2056 2057 2059 2060 2061 2063 2064 2066 2067 2068 2069 2071 2072 2074 2075 2076 2077 2078 2079 2082 2083 2084 2086 2087 2088 2090 2091 2092 2095 2096 2097 2098 2099 2100 2103 2104 2105 2106 2108 2109 2110 2111 2112 2116 2117 2119 2123 2124 2125 2126 2127 2129 2130 2131 2132 2133 2134 2135 2136 2137 2138 2139 2140 2141 2143 2145 2146 2148 2149 2150 2151 2152 2153 2157 2158 2161 2163 2164 2165 2166 2167 2171 2174 2176 2181 2182 2185 2186 2187 2188 2189 2191 2193 2194 2195 2196 2197 2200 2201 2202 2203 2204 2205 2208 2209 2210 2211 2213 2214 2215 2216 2217 2219 2221 2222 2223 2224 2225 2226 2227 2229 2232 2233 2234 2239 2240 2241 2243 2245 2246 2249 2251 2253 2254 2258 2261 2262 2264 2265 2266 2267 2269 2270 2271 2272 2273 2274 2275 2277 2280 2282 2286 2287 2289 2290 2291 2293 2296 2297 2298 2299 2301 2302 2305 2307 2308 2309 2310 2311 2312 2314 2315 2318 2319 2321 2323 2324 2325 2328 2332 2335 2337 2338 2339 2340 2342 2343 2344 2345 2346 2347 2348 2350 2351 2352 2356 2357 2358 2359 2360 2361 2362 2363 2364 2365 2366 2369 2371 2374 2376 2377 2378 2381 2382 2384 2385 2388 2390 2392 2393 2395 2397 2398 2400 2401 2403 2404 2405 2406 2408 2410 2411 2412 2413 2414 2416 2417 2419 2422 2423 2424 2426 2429 2430 2431 2432 2434 2435 2436 2438 2441 2442 2444 2445 2446 2448 2449 2452 2455 2458 2460 2461 2462 2464 2465 2466 2467 2469 2470 2471 2472 2473 2474 2475 2479 2481 2483 2486 2488 2489 2490 2493 2494 2495 2496 2497 2498 2500 2502 2504 2506 2507 2508 2509 2510 2511 2512 2513 2515 2516 2517 2519 2521 2522 2525 2526 2530 2531 2532 2533 2536 2538 2542 2547 2548 2553 2554 2555 2556 2557 2558 2561 2563 2566 2567 2570 2571 2572 2573 2575 2576 2582 2584 2585 2586 2589 2590 2591 2592 2594 2596 2597 2598 2600 2602 2603 2604 2610 2621 2623 2624 2631 2637 2645 2649 2654 2655 2659 2665 2666 2669 2671 2678 2679 2684 2686 2689 2694 2695 2696 2697 2699 2702 2705 2716 2722 2727 2735 2737 2739 2746 2748 2750 2751 2753 2757 2761 2762 2766 2769 2772 2773 2784 2785 2786 2790 2793 2800 2808 2821 2823 2827 2832 2833 2838 2840 2846 2850 2853 2856 2857 2861 2863 2866 2867 2875 2878 2879 2880 2881 2886 2891 2897 2898 2899 2900 2907 2909 2912 2915 2916 2917 2918 2921 2922 2930 2932 2935 2939 2942 2947 2952 2956 2961 2962 2963 2967 2969 2970 2974 2980 2981 2985 2989 2990 2995 2997 2998 2999 3001 3004 3006 3010 3015 3017 3020 3021 3024 3026 3027 3028 3032 3034 3036 3044 3045 3046 3047 3048 3049 3050 3053 3054 3058 3063 3065 3069 3073 3074 3075 3077 3078 3082 3083 3084 3087 3089 3090 3093 3095 3097 3098 3101 3102 3103 3105 3112 3113 3115 3116 3117 3121 3123 3124 3127 3129 3131 3134 3135 3139 3140 3143 3144 3145 3149 3150 3154 3155 3157 3160 3161 3163 3172 3173 3174 3175 3176 3177 3180 3181 3182 3183 3184 3186 3187 3189 3191 3192 3193 3194 3196 3198 3199 3201 3202 3203 3204 3205 3206 3207 3208 3209 3210 3211 3212 3213 3214 3215 3216 3217 3218 3219 3220 3221 3222 3223 3224 3225 3226 3227 3228 3229 3230 3231 3232 3233 3234 3235 3236 3237 3238 3239 3240 3241 3242 3243 3244 3245 3246 3247 3248 3249 3250 3251 3252 3253 3254 3255 3256 3257 3258 3259 3260 3261 3262 3263 3264 3265 3266 3267 3268 3269 3270 3271 3272 3273 3274 3275 3276 3277 3278 3279 3280 3281 3282 3283 3284 3285 3286 3287 3288 3289 3290 3291 3292 3293 3294 3295 3296 3297 3298 3299 3300 3301 3302 3303 3304 3305 3306 3307 3308 3309 3310 3311 3312 3313 3314 3315 3316 3317 3318 3319 3320 3321 3322 3323 3324 3325 3326 3327 3328 3329 3330 3331 3332 3333 3334 3335 3336 3337 3338 3339 3340 3341 3342 3343 3344 3345 3346 3347 3348 3349 3350 3351 3352 3353 3354 3355 3356 3357 3358 3359 3360 3361 3362 3363 3364 3365 3366 3367 3368 3369 3370 3371 3372 3373 3374 3375 3376 3377 3378 3379 3380 3381 3382 3383 3384 3385 3386 3387 3388 3389 3390 3391 3392 3393 3394 3395 3396 3397 3398 3399 3400 3401 3402 3403 3404 3405 3406 3407 3408 3409 3410 3411 3412 3413 3414 3415 3416 3417 3418 3419 3420 3421 3422 3423 3424 3425 3426 3427 3428 3429 3430 3431 3432 3433 3434 3435 3436 3437 3438 3439 3440 3441 3442 3443 3444 3445 3446 3447 3448 3449 3450 3451 3452 3453 3454 3455 3456 3457 3458 3459 3460 3461 3462 3463 3464 3465 3466 3467 3468 3469 3470 3471 3472 3473 3474 3475 3476 3477 3478 3479 3480 3481 3482 3483 3484 3485 3486 3487 3488 3489 3490 3491 3492 3493 3494 3495 3496 3497 3498 3499 3500 3501 3502 3503 3504 3505 3506 3507 3508 3509 3510 3511 3512 3513 3514 3515 3517 3518 3519 3520 3521 3522 3523 3524 3525 3526 3527 3528 3529 3530 3531 3532 3533 3534 3536 3537 3538 3539 3540 3541 3542 3545 3546 3547 3548 3549 3550 4779 4780 4782 4784 4785 4786 4787 4788 4790 4791 4792 4793 4794 4795 4796 4798 4799 4800 4801 4802 4803 4804 4805 4806 4807 4808 4809 4810 4811 4812 4813 4814 4815 4816 4817 4869 
	}
	manpower=950000
	buildings_max_level_factor=1.000
	state_category=metropolis
	local_supplies=0.000
}
